0 1 1 1
0.01 0.999587 1 1
0.02 0.998351 0.999999 1
0.03 0.996291 0.999996 1
0.04 0.993413 0.999986 1
0.05 0.98972 0.999965 1
0.06 0.985219 0.999928 1
0.07 0.979918 0.999865 1
0.08 0.973826 0.999767 0.999999
0.09 0.966953 0.999624 0.999999
0.1 0.959313 0.999421 0.999998
0.11 0.950921 0.999142 0.999996
0.12 0.941792 0.998771 0.999993
0.13 0.931946 0.998288 0.999989
0.14 0.921403 0.99767 0.999982
0.15 0.910187 0.996892 0.999972
0.16 0.898321 0.995928 0.999957
0.17 0.885834 0.994749 0.999936
0.18 0.872752 0.993323 0.999908
0.19 0.859108 0.991618 0.999869
0.2 0.844934 0.9896 0.999817
0.21 0.830263 0.987232 0.999748
0.22 0.81513 0.984477 0.999658
0.23 0.799572 0.981298 0.999541
0.24 0.783626 0.977657 0.999393
0.25 0.767329 0.973516 0.999207
0.26 0.750719 0.968837 0.998974
0.27 0.733836 0.963585 0.998686
0.28 0.716717 0.957724 0.998333
0.29 0.6994 0.951219 0.997904
0.3 0.681925 0.944039 0.997387
0.31 0.664327 0.936154 0.996767
0.32 0.646645 0.927536 0.996029
0.33 0.628916 0.918159 0.995158
0.34 0.611174 0.908001 0.994134
0.35 0.593456 0.897042 0.992937
0.36 0.575796 0.885265 0.991546
0.37 0.558227 0.872655 0.989937
0.38 0.540782 0.859203 0.988085
0.39 0.523493 0.8449 0.985961
0.4 0.50639 0.829744 0.983535
0.41 0.489503 0.813733 0.980776
0.42 0.47286 0.796871 0.977649
0.43 0.456487 0.779165 0.974117
0.44 0.440408 0.760627 0.970141
0.45 0.424647 0.741271 0.965678
0.46 0.409224 0.721118 0.960685
0.47 0.394156 0.700191 0.955115
0.48 0.379459 0.67852 0.948919
0.49 0.365145 0.656136 0.942046
0.5 0.351223 0.633079 0.934442
0.51 0.337699 0.609392 0.926054
0.52 0.324574 0.585124 0.916826
0.53 0.311845 0.560327 0.906701
0.54 0.299506 0.53506 0.895622
0.55 0.287546 0.509386 0.883532
0.56 0.275949 0.483375 0.870376
0.57 0.264696 0.457099 0.856099
0.58 0.253764 0.430635 0.840651
0.59 0.243124 0.404065 0.82398
0.6 0.232746 0.377473 0.806043
0.61 0.222596 0.350946 0.786798
0.62 0.212637 0.324572 0.766208
0.63 0.202831 0.298442 0.744243
0.64 0.193137 0.272645 0.720877
0.65 0.183516 0.24727 0.69609
0.66 0.173926 0.222405 0.669868
0.67 0.164329 0.198135 0.642203
0.68 0.154685 0.174541 0.613093
0.69 0.144957 0.151699 0.582542
0.7 0.135111 0.129682 0.55056
0.71 0.125115 0.108553 0.517161
0.72 0.114938 0.0883712 0.482366
0.73 0.104554 0.0691857 0.446203
0.74 0.0939398 0.0510365 0.408705
0.75 0.0830753 0.0339529 0.369913
0.76 0.0719443 0.0179516 0.329876
0.77 0.0605343 0.00303589 0.288652
0.78 0.0488373 -0.0108072 0.246311
0.79 0.0368499 -0.0236078 0.202935
0.8 0.0245739 -0.0354154 0.15862
0.81 0.0120168 -0.0463003 0.113478
0.82 -0.000808064 -0.0563538 0.0676367
0.83 -0.0138813 -0.0656884 0.0212408
0.84 -0.0271774 -0.0744357 -0.0255512
0.85 -0.0406651 -0.082744 -0.0725689
0.86 -0.0543086 -0.0907732 -0.119634
0.87 -0.0680683 -0.0986892 -0.166564
0.88 -0.0819027 -0.106658 -0.213183
0.89 -0.0957696 -0.11484 -0.259318
0.9 -0.109628 -0.123381 -0.304813
0.91 -0.123439 -0.132415 -0.349525
0.92 -0.137168 -0.142054 -0.39333
0.93 -0.150782 -0.152389 -0.436121
0.94 -0.164257 -0.163495 -0.477812
0.95 -0.177568 -0.175423 -0.518327
0.96 -0.190699 -0.188208 -0.55761
0.97 -0.203635 -0.201871 -0.595613
0.98 -0.216367 -0.216417 -0.6323
0.99 -0.228889 -0.231838 -0.667644
1 -0.241199 -0.248118 -0.701623
1.01 -0.253296 -0.265232 -0.734222
1.02 -0.265184 -0.283145 -0.76543
1.03 -0.27687 -0.30182 -0.79524
1.04 -0.288362 -0.321211 -0.823649
1.05 -0.299671 -0.341271 -0.850657
1.06 -0.310809 -0.361946 -0.876268
1.07 -0.321793 -0.38318 -0.900487
1.08 -0.332638 -0.404917 -0.923324
1.09 -0.343362 -0.427095 -0.944792
1.1 -0.353985 -0.449654 -0.964905
1.11 -0.364527 -0.472531 -0.983685
1.12 -0.375009 -0.495662 -1.00115
1.13 -0.385451 -0.518984 -1.01733
1.14 -0.395875 -0.542433 -1.03226
1.15 -0.4063 -0.565946 -1.04596
1.16 -0.416747 -0.589462 -1.05847
1.17 -0.427234 -0.61292 -1.06983
1.18 -0.437779 -0.63626 -1.08009
1.19 -0.448396 -0.659424 -1.08928
1.2 -0.4591 -0.682358 -1.09745
1.21 -0.469901 -0.705008 -1.10465
1.22 -0.48081 -0.727324 -1.11093
1.23 -0.491834 -0.749259 -1.11634
1.24 -0.502976 -0.770766 -1.12093
1.25 -0.514239 -0.791806 -1.12475
1.26 -0.525621 -0.812339 -1.12785
1.27 -0.537122 -0.832329 -1.13029
1.28 -0.548734 -0.851745 -1.1321
1.29 -0.56045 -0.870558 -1.13334
1.3 -0.572261 -0.888743 -1.13406
1.31 -0.584155 -0.906276 -1.1343
1.32 -0.596119 -0.923138 -1.1341
1.33 -0.608137 -0.939314 -1.1335
1.34 -0.620193 -0.954789 -1.13255
1.35 -0.63227 -0.969554 -1.13129
1.36 -0.644347 -0.9836 -1.12974
1.37 -0.656407 -0.996923 -1.12794
1.38 -0.668427 -1.00952 -1.12592
1.39 -0.680387 -1.02139 -1.12371
1.4 -0.692265 -1.03253 -1.12134
1.41 -0.70404 -1.04296 -1.11883
1.42 -0.715688 -1.05267 -1.1162
1.43 -0.727189 -1.06166 -1.11348
1.44 -0.73852 -1.06996 -1.11068
1.45 -0.749658 -1.07757 -1.10782
1.46 -0.760582 -1.0845 -1.10492
1.47 -0.77127 -1.09077 -1.10199
1.48 -0.781702 -1.09638 -1.09905
1.49 -0.791855 -1.10135 -1.0961
1.5 -0.801711 -1.1057 -1.09316
1.51 -0.811248 -1.10943 -1.09024
1.52 -0.820447 -1.11258 -1.08734
1.53 -0.82929 -1.11515 -1.08447
1.54 -0.837759 -1.11715 -1.08164
1.55 -0.845835 -1.11862 -1.07885
1.56 -0.853502 -1.11955 -1.07611
1.57 -0.860743 -1.11997 -1.07342
1.58 -0.867544 -1.11989 -1.07079
1.59 -0.873888 -1.11933 -1.06821
1.6 -0.879763 -1.11831 -1.06569
1.61 -0.885155 -1.11684 -1.06324
1.62 -0.890052 -1.11493 -1.06084
1.63 -0.894441 -1.1126 -1.05851
1.64 -0.898313 -1.10986 -1.05624
1.65 -0.901657 -1.10672 -1.05403
1.66 -0.904463 -1.1032 -1.05188
1.67 -0.906724 -1.09932 -1.04979
1.68 -0.908432 -1.09507 -1.04775
1.69 -0.90958 -1.09047 -1.04577
1.7 -0.910163 -1.08553 -1.04384
1.71 -0.910175 -1.08026 -1.04196
1.72 -0.909613 -1.07467 -1.04013
1.73 -0.908472 -1.06877 -1.03833
1.74 -0.906752 -1.06256 -1.03657
1.75 -0.904449 -1.05606 -1.03485
1.76 -0.901564 -1.04926 -1.03315
1.77 -0.898097 -1.04217 -1.03147
1.78 -0.894047 -1.03481 -1.02981
1.79 -0.889419 -1.02717 -1.02815
1.8 -0.884213 -1.01926 -1.02649
1.81 -0.878434 -1.01109 -1.02482
1.82 -0.872086 -1.00265 -1.02313
1.83 -0.865175 -0.993952 -1.02141
1.84 -0.857706 -0.985 -1.01965
1.85 -0.849687 -0.975795 -1.01784
1.86 -0.841127 -0.966339 -1.01596
1.87 -0.832033 -0.956635 -1.01401
1.88 -0.822417 -0.946684 -1.01196
1.89 -0.812289 -0.936487 -1.0098
1.9 -0.801661 -0.926046 -1.00752
1.91 -0.790546 -0.915362 -1.00509
1.92 -0.778957 -0.904434 -1.00251
1.93 -0.766909 -0.893263 -0.999739
1.94 -0.754418 -0.881849 -0.996773
1.95 -0.741501 -0.870191 -0.993585
1.96 -0.728174 -0.858288 -0.990155
1.97 -0.714455 -0.846139 -0.986461
1.98 -0.700365 -0.833744 -0.982479
1.99 -0.685921 -0.8211 -0.978185
2 -0.671145 -0.808206 -0.973556
2.01 -0.656058 -0.79506 -0.968568
2.02 -0.640682 -0.781661 -0.963195
2.03 -0.625037 -0.768006 -0.957414
2.04 -0.609148 -0.754093 -0.951198
2.05 -0.593036 -0.739921 -0.944522
2.06 -0.576725 -0.725489 -0.937362
2.07 -0.560239 -0.710795 -0.929693
2.08 -0.5436 -0.695838 -0.92149
2.09 -0.526833 -0.680617 -0.912728
2.1 -0.509961 -0.665133 -0.903384
2.11 -0.493007 -0.649385 -0.893433
2.12 -0.475994 -0.633376 -0.882853
2.13 -0.458946 -0.617106 -0.871622
2.14 -0.441885 -0.600579 -0.859716
2.15 -0.424833 -0.583798 -0.847116
2.16 -0.407812 -0.566767 -0.833801
2.17 -0.390843 -0.549491 -0.819751
2.18 -0.373945 -0.531978 -0.804948
2.19 -0.357139 -0.514235 -0.789375
2.2 -0.340444 -0.496269 -0.773014
2.21 -0.323876 -0.478092 -0.755852
2.22 -0.307454 -0.459713 -0.737874
2.23 -0.291192 -0.441144 -0.719067
2.24 -0.275106 -0.422398 -0.699421
2.25 -0.259209 -0.403489 -0.678927
2.26 -0.243513 -0.384431 -0.657576
2.27 -0.228029 -0.36524 -0.635363
2.28 -0.212768 -0.345933 -0.612285
2.29 -0.197736 -0.326525 -0.58834
2.3 -0.182941 -0.307034 -0.563529
2.31 -0.168388 -0.287477 -0.537857
2.32 -0.154081 -0.267873 -0.51133
2.33 -0.140021 -0.248237 -0.483959
2.34 -0.126209 -0.228588 -0.455755
2.35 -0.112643 -0.208942 -0.426737
2.36 -0.0993207 -0.189314 -0.396925
2.37 -0.0862362 -0.169719 -0.366344
2.38 -0.0733832 -0.150169 -0.335022
2.39 -0.0607533 -0.130678 -0.302993
2.4 -0.0483364 -0.111255 -0.270296
2.41 -0.0361206 -0.0919081 -0.236973
2.42 -0.0240927 -0.0726431 -0.203071
2.43 -0.0122377 -0.0534643 -0.168643
2.44 -0.00053937 -0.0343734 -0.133744
2.45 0.0110198 -0.0153699 -0.0984355
2.46 0.0224583 0.00354843 -0.0627818
2.47 0.0337957 0.0223861 -0.0268506
2.48 0.0450519 0.0411491 0.0092875
2.49 0.0562475 0.059845 0.0455599
2.5 0.0674032 0.0784821 0.0818926
2.51 0.0785395 0.0970698 0.118211
2.52 0.0896767 0.115618 0.15444
2.53 0.100835 0.134135 0.190508
2.54 0.112032 0.15263 0.226341
2.55 0.123287 0.171112 0.261872
2.56 0.134615 0.189587 0.297033
2.57 0.146034 0.208061 0.331764
2.58 0.157555 0.226537 0.366004
2.59 0.169192 0.245018 0.399701
2.6 0.180956 0.263503 0.432805
2.61 0.192856 0.28199 0.465272
2.62 0.204898 0.300477 0.497061
2.63 0.217089 0.318957 0.528137
2.64 0.229433 0.337424 0.55847
2.65 0.241932 0.355869 0.588034
2.66 0.254588 0.374282 0.616806
2.67 0.267399 0.392652 0.644768
2.68 0.280364 0.410967 0.671905
2.69 0.293479 0.429215 0.698208
2.7 0.30674 0.447383 0.723667
2.71 0.320141 0.465456 0.748278
2.72 0.333674 0.483422 0.772039
2.73 0.347332 0.501266 0.79495
2.74 0.361105 0.518976 0.817014
2.75 0.374982 0.536537 0.838236
2.76 0.388952 0.553937 0.858621
2.77 0.403005 0.571163 0.878179
2.78 0.417125 0.588204 0.896918
2.79 0.431301 0.605048 0.91485
2.8 0.445517 0.621684 0.931987
2.81 0.459759 0.638103 0.948343
2.82 0.474012 0.654297 0.963933
2.83 0.488259 0.670255 0.978771
2.84 0.502484 0.685971 0.992873
2.85 0.516671 0.701438 1.00626
2.86 0.530803 0.716649 1.01894
2.87 0.544862 0.731599 1.03094
2.88 0.558831 0.746284 1.04228
2.89 0.572692 0.760699 1.05297
2.9 0.586427 0.774841 1.06304
2.91 0.60002 0.788707 1.0725
2.92 0.613452 0.802294 1.08137
2.93 0.626705 0.8156 1.08968
2.94 0.639762 0.828625 1.09744
2.95 0.652606 0.841365 1.10467
2.96 0.665219 0.853822 1.1114
2.97 0.677585 0.865993 1.11764
2.98 0.689687 0.877879 1.12341
2.99 0.701508 0.88948 1.12874
3 0.713033 0.900795 1.13365
3.01 0.724247 0.911824 1.13814
3.02 0.735133 0.922568 1.14225
3.03 0.745678 0.933027 1.14598
3.04 0.755867 0.9432 1.14937
3.05 0.765686 0.953088 1.15242
3.06 0.775124 0.96269 1.15516
3.07 0.784167 0.972007 1.15759
3.08 0.792804 0.981038 1.15975
3.09 0.801023 0.989782 1.16164
3.1 0.808814 0.998239 1.16327
3.11 0.816168 1.00641 1.16467
3.12 0.823074 1.01429 1.16585
3.13 0.829524 1.02188 1.16681
3.14 0.835512 1.02918 1.16758
3.15 0.841028 1.03618 1.16817
3.16 0.846069 1.04289 1.16858
3.17 0.850627 1.0493 1.16883
3.18 0.854697 1.05541 1.16893
3.19 0.858277 1.06121 1.16889
3.2 0.861362 1.06671 1.16872
3.21 0.86395 1.07189 1.16843
3.22 0.866039 1.07676 1.16802
3.23 0.867628 1.0813 1.1675
3.24 0.868716 1.08552 1.16688
3.25 0.869305 1.08941 1.16616
3.26 0.869395 1.09296 1.16536
3.27 0.868989 1.09616 1.16448
3.28 0.86809 1.09901 1.16352
3.29 0.8667 1.10149 1.16249
3.3 0.864825 1.10361 1.16138
3.31 0.86247 1.10536 1.16022
3.32 0.859641 1.10671 1.15899
3.33 0.856344 1.10767 1.1577
3.34 0.852587 1.10822 1.15635
3.35 0.848379 1.10836 1.15495
3.36 0.843728 1.10806 1.1535
3.37 0.838644 1.10733 1.152
3.38 0.833138 1.10615 1.15044
3.39 0.827221 1.1045 1.14883
3.4 0.820906 1.10237 1.14717
3.41 0.814204 1.09976 1.14546
3.42 0.80713 1.09664 1.14369
3.43 0.799697 1.09301 1.14187
3.44 0.79192 1.08885 1.13998
3.45 0.783814 1.08415 1.13803
3.46 0.775395 1.0789 1.13601
3.47 0.76668 1.07308 1.13391
3.48 0.757686 1.06668 1.13173
3.49 0.748429 1.05969 1.12947
3.5 0.738929 1.0521 1.12711
3.51 0.729202 1.0439 1.12464
3.52 0.719268 1.03508 1.12206
3.53 0.709145 1.02563 1.11935
3.54 0.698852 1.01553 1.1165
3.55 0.688409 1.00479 1.11349
3.56 0.677834 0.993404 1.11031
3.57 0.667146 0.981359 1.10694
3.58 0.656365 0.968656 1.10337
3.59 0.645508 0.955295 1.09956
3.6 0.634594 0.941278 1.0955
3.61 0.62364 0.926607 1.09117
3.62 0.612663 0.91129 1.08654
3.63 0.601678 0.895333 1.08158
3.64 0.590699 0.87875 1.07625
3.65 0.579742 0.861552 1.07054
3.66 0.568816 0.843758 1.0644
3.67 0.557933 0.825387 1.0578
3.68 0.547101 0.806462 1.0507
3.69 0.536326 0.787011 1.04307
3.7 0.525612 0.767062 1.03486
3.71 0.514963 0.746651 1.02604
3.72 0.504377 0.725813 1.01656
3.73 0.493851 0.704588 1.00638
3.74 0.483381 0.683021 0.995468
3.75 0.472959 0.661157 0.983771
3.76 0.462575 0.639047 0.971251
3.77 0.452218 0.616742 0.957871
3.78 0.441871 0.594296 0.943591
3.79 0.431521 0.571766 0.928375
3.8 0.421148 0.54921 0.912191
3.81 0.410735 0.526686 0.895005
3.82 0.400261 0.504253 0.87679
3.83 0.389705 0.481971 0.857521
3.84 0.379047 0.459898 0.837176
3.85 0.368267 0.438092 0.815736
3.86 0.357343 0.41661 0.793187
3.87 0.346257 0.395504 0.769518
3.88 0.33499 0.374827 0.744722
3.89 0.323526 0.354627 0.718797
3.9 0.311848 0.334946 0.691743
3.91 0.299944 0.315826 0.663566
3.92 0.287803 0.2973 0.634276
3.93 0.275415 0.279398 0.603888
3.94 0.262773 0.26214 0.572422
3.95 0.249876 0.245542 0.539905
3.96 0.23672 0.229609 0.506368
3.97 0.22331 0.21434 0.47185
3.98 0.209649 0.199721 0.436398
3.99 0.195748 0.185728 0.400067
4 0.181617 0.172327 0.36292
4.01 0.167274 0.15947 0.325032
4.02 0.152736 0.147098 0.286485
4.03 0.138026 0.135141 0.247372
4.04 0.12317 0.123515 0.207796
4.05 0.108195 0.112129 0.167866
4.06 0.0931306 0.100885 0.127701
4.07 0.0780083 0.0896765 0.0874207
4.08 0.0628596 0.0783975 0.0471503
4.09 0.0477157 0.0669413 0.00701366
4.1 0.032607 0.0552049 -0.032868
4.11 0.0175617 0.0430916 -0.0723779
4.12 0.00260582 0.030513 -0.111406
4.13 -0.0122376 0.0173911 -0.149851
4.14 -0.0269487 0.00365915 -0.187619
4.15 -0.0415112 -0.0107374 -0.224626
4.16 -0.0559121 -0.0258412 -0.260798
4.17 -0.0701422 -0.0416827 -0.29607
4.18 -0.0841955 -0.058281 -0.330385
4.19 -0.0980695 -0.0756445 -0.363694
4.2 -0.111765 -0.0937715 -0.395955
4.21 -0.125286 -0.112651 -0.427133
4.22 -0.138639 -0.132263 -0.4572
4.23 -0.151834 -0.152582 -0.486132
4.24 -0.164884 -0.173573 -0.513912
4.25 -0.177804 -0.195195 -0.540529
4.26 -0.19061 -0.217403 -0.565974
4.27 -0.203322 -0.240145 -0.590246
4.28 -0.215963 -0.263366 -0.613348
4.29 -0.228554 -0.287007 -0.635287
4.3 -0.24112 -0.311005 -0.656075
4.31 -0.253686 -0.335294 -0.675731
4.32 -0.266277 -0.359807 -0.694276
4.33 -0.278919 -0.384474 -0.711737
4.34 -0.291635 -0.409227 -0.728144
4.35 -0.304451 -0.433995 -0.743534
4.36 -0.317388 -0.45871 -0.757945
4.37 -0.330466 -0.483302 -0.771419
4.38 -0.343704 -0.507707 -0.784001
4.39 -0.357118 -0.53186 -0.795738
4.4 -0.370719 -0.5557 -0.806678
4.41 -0.384517 -0.57917 -0.816873
4.42 -0.398518 -0.602215 -0.826371
4.43 -0.412726 -0.624787 -0.835225
4.44 -0.42714 -0.64684 -0.843483
4.45 -0.441755 -0.668332 -0.851196
4.46 -0.456566 -0.689228 -0.858411
4.47 -0.471562 -0.709495 -0.865175
4.48 -0.486731 -0.729106 -0.871531
4.49 -0.502058 -0.748039 -0.877523
4.5 -0.517524 -0.766274 -0.883191
4.51 -0.53311 -0.783799 -0.888571
4.52 -0.548793 -0.800602 -0.8937
4.53 -0.564552 -0.816678 -0.89861
4.54 -0.580359 -0.832024 -0.903331
4.55 -0.596191 -0.846641 -0.907892
4.56 -0.612017 -0.860534 -0.912318
4.57 -0.627812 -0.87371 -0.916631
4.58 -0.643545 -0.886178 -0.920854
4.59 -0.659187 -0.897953 -0.925004
4.6 -0.674709 -0.909048 -0.9291
4.61 -0.690079 -0.919482 -0.933156
4.62 -0.705268 -0.929273 -0.937185
4.63 -0.720244 -0.938442 -0.941198
4.64 -0.734979 -0.947011 -0.945207
4.65 -0.749441 -0.955005 -0.949218
4.66 -0.763601 -0.962447 -0.95324
4.67 -0.77743 -0.969362 -0.957278
4.68 -0.790898 -0.975776 -0.961337
4.69 -0.803978 -0.981715 -0.965419
4.7 -0.816644 -0.987204 -0.969529
4.71 -0.828867 -0.99227 -0.973667
4.72 -0.840623 -0.996938 -0.977834
4.73 -0.851889 -1.00123 -0.98203
4.74 -0.862639 -1.00518 -0.986255
4.75 -0.872854 -1.00879 -0.990508
4.76 -0.882511 -1.01211 -0.994787
4.77 -0.891593 -1.01514 -0.99909
4.78 -0.90008 -1.0179 -1.00342
4.79 -0.907956 -1.02042 -1.00776
4.8 -0.915207 -1.02271 -1.01212
4.81 -0.921818 -1.02479 -1.0165
4.82 -0.927777 -1.02667 -1.02088
4.83 -0.933074 -1.02836 -1.02527
4.84 -0.937698 -1.02987 -1.02967
4.85 -0.941642 -1.03123 -1.03407
4.86 -0.944899 -1.03242 -1.03846
4.87 -0.947463 -1.03347 -1.04284
4.88 -0.94933 -1.03437 -1.04722
4.89 -0.950497 -1.03514 -1.05158
4.9 -0.950963 -1.03577 -1.05592
4.91 -0.950727 -1.03627 -1.06024
4.92 -0.949791 -1.03664 -1.06453
4.93 -0.948156 -1.03687 -1.06879
4.94 -0.945826 -1.03697 -1.07301
4.95 -0.942805 -1.03693 -1.07719
4.96 -0.939101 -1.03676 -1.08133
4.97 -0.934721 -1.03644 -1.08541
4.98 -0.929673 -1.03596 -1.08943
4.99 -0.923967 -1.03533 -1.09339
5 -0.917616 -1.03452 -1.09728
5.01 -0.910631 -1.03354 -1.10109
5.02 -0.903028 -1.03236 -1.10481
5.03 -0.894823 -1.03098 -1.10844
5.04 -0.886031 -1.02938 -1.11197
5.05 -0.876673 -1.02754 -1.11539
5.06 -0.866766 -1.02546 -1.11868
5.07 -0.856333 -1.0231 -1.12185
5.08 -0.845395 -1.02046 -1.12487
5.09 -0.833976 -1.0175 -1.12775
5.1 -0.8221 -1.01422 -1.13046
5.11 -0.809792 -1.01059 -1.133
5.12 -0.797077 -1.00659 -1.13535
5.13 -0.783983 -1.00219 -1.13751
5.14 -0.770537 -0.997384 -1.13945
5.15 -0.756765 -0.992136 -1.14116
5.16 -0.742698 -0.98643 -1.14264
5.17 -0.728361 -0.980243 -1.14386
5.18 -0.713785 -0.973556 -1.14481
5.19 -0.698998 -0.966347 -1.14548
5.2 -0.684028 -0.958598 -1.14584
5.21 -0.668904 -0.950291 -1.14589
5.22 -0.653653 -0.941408 -1.1456
5.23 -0.638305 -0.931935 -1.14495
5.24 -0.622886 -0.921857 -1.14392
5.25 -0.607424 -0.911162 -1.1425
5.26 -0.591946 -0.899838 -1.14066
5.27 -0.576478 -0.887878 -1.13839
5.28 -0.561047 -0.875275 -1.13565
5.29 -0.545678 -0.862022 -1.13243
5.3 -0.530394 -0.848118 -1.12869
5.31 -0.515221 -0.833562 -1.12442
5.32 -0.500181 -0.818355 -1.11958
5.33 -0.485297 -0.802503 -1.11415
5.34 -0.470588 -0.786011 -1.10809
5.35 -0.456077 -0.768889 -1.10138
5.36 -0.44178 -0.75115 -1.09399
5.37 -0.427715 -0.732808 -1.08587
5.38 -0.413899 -0.713881 -1.07701
5.39 -0.400346 -0.69439 -1.06735
5.4 -0.387067 -0.67436 -1.05686
5.41 -0.374073 -0.653818 -1.04551
5.42 -0.361372 -0.632795 -1.03326
5.43 -0.348971 -0.611326 -1.02007
5.44 -0.336872 -0.589449 -1.00591
5.45 -0.325077 -0.567206 -0.990722
5.46 -0.313585 -0.544641 -0.974482
5.47 -0.302391 -0.521805 -0.957149
5.48 -0.291488 -0.498749 -0.938686
5.49 -0.280865 -0.475529 -0.919058
5.5 -0.270511 -0.452206 -0.898231
5.51 -0.260411 -0.42884 -0.876174
5.52 -0.250546 -0.405496 -0.852857
5.53 -0.240896 -0.382242 -0.828256
5.54 -0.231439 -0.359146 -0.802346
5.55 -0.222151 -0.336277 -0.77511
5.56 -0.213007 -0.313704 -0.746534
5.57 -0.203978 -0.291497 -0.716608
5.58 -0.195039 -0.269723 -0.685327
5.59 -0.186159 -0.248448 -0.652691
5.6 -0.177312 -0.227731 -0.618709
5.61 -0.168467 -0.207632 -0.583393
5.62 -0.159599 -0.188199 -0.546764
5.63 -0.15068 -0.169477 -0.508848
5.64 -0.141684 -0.151501 -0.469684
5.65 -0.132588 -0.134294 -0.429316
5.66 -0.123369 -0.117872 -0.387801
5.67 -0.114008 -0.102232 -0.345207
5.68 -0.104486 -0.0873611 -0.301615
5.69 -0.094789 -0.0732286 -0.257119
5.7 -0.0849058 -0.0597876 -0.211828
5.71 -0.0748281 -0.0469749 -0.165864
5.72 -0.0645511 -0.0347108 -0.119363
5.73 -0.0540741 -0.0229009 -0.0724755
5.74 -0.0433999 -0.0114383 -0.0253583
5.75 -0.0325343 -0.000207146 0.0218237
5.76 -0.0214864 0.0109138 0.0689031
5.77 -0.0102676 0.0220467 0.115715
5.78 0.00110922 0.0333101 0.162098
5.79 0.01263 0.0448154 0.207905
5.8 0.0242805 0.0566633 0.252995
5.81 0.0360468 0.0689413 0.297246
5.82 0.0479158 0.081723 0.340549
5.83 0.0598758 0.0950664 0.382809
5.84 0.0719165 0.109015 0.423948
5.85 0.0840292 0.123599 0.463899
5.86 0.0962071 0.138834 0.502608
5.87 0.108445 0.154726 0.540031
5.88 0.12074 0.171268 0.576133
5.89 0.133089 0.188447 0.610888
5.9 0.145493 0.206241 0.644275
5.91 0.157953 0.224621 0.676281
5.92 0.170471 0.243554 0.706897
5.93 0.183051 0.263002 0.736117
5.94 0.195696 0.282922 0.763941
5.95 0.208414 0.30327 0.790373
5.96 0.221209 0.324001 0.815419
5.97 0.234089 0.345065 0.839088
5.98 0.247059 0.366414 0.861394
5.99 0.260128 0.387999 0.882352
6 0.273302 0.409769 0.901981
6.01 0.286587 0.431675 0.920302
6.02 0.299991 0.453669 0.937338
6.03 0.31352 0.475702 0.953116
6.04 0.327178 0.497726 0.967665
6.05 0.34097 0.519697 0.981014
6.06 0.3549 0.54157 0.993198
6.07 0.368971 0.563302 1.00425
6.08 0.383183 0.584851 1.01421
6.09 0.397536 0.606178 1.02311
6.1 0.412031 0.627245 1.03099
6.11 0.426663 0.648016 1.0379
6.12 0.441429 0.668457 1.04387
6.13 0.456324 0.688536 1.04895
6.14 0.47134 0.708223 1.05319
6.15 0.486469 0.727491 1.05661
6.16 0.501701 0.746313 1.05928
6.17 0.517025 0.764665 1.06123
6.18 0.532426 0.782526 1.06251
6.19 0.547891 0.799877 1.06317
6.2 0.563403 0.8167 1.06324
6.21 0.578946 0.83298 1.06277
6.22 0.594501 0.848704 1.0618
6.23 0.610047 0.863863 1.06038
6.24 0.625563 0.878447 1.05855
6.25 0.641028 0.892451 1.05634
6.26 0.656417 0.905871 1.0538
6.27 0.671708 0.918706 1.05095
6.28 0.686874 0.930955 1.04785
6.29 0.701892 0.942621 1.04451
6.3 0.716734 0.953709 1.04099
6.31 0.731374 0.964225 1.03729
6.32 0.745785 0.974176 1.03346
6.33 0.759942 0.983573 1.02953
6.34 0.773816 0.992427 1.02551
6.35 0.787381 1.00075 1.02144
6.36 0.800611 1.00855 1.01733
6.37 0.813479 1.01585 1.0132
6.38 0.825961 1.02266 1.00908
6.39 0.838031 1.029 1.00498
6.4 0.849665 1.03488 1.00092
6.41 0.86084 1.04032 0.996907
6.42 0.871533 1.04534 0.992959
6.43 0.881724 1.04994 0.989086
6.44 0.89139 1.05415 0.985297
6.45 0.900515 1.05798 0.981602
6.46 0.909078 1.06145 0.978008
6.47 0.917064 1.06457 0.974522
6.48 0.924458 1.06735 0.971148
6.49 0.931244 1.06981 0.967894
6.5 0.93741 1.07195 0.964761
6.51 0.942943 1.07379 0.961755
6.52 0.947834 1.07534 0.958878
6.53 0.952074 1.0766 0.956133
6.54 0.955653 1.07759 0.953523
6.55 0.958566 1.0783 0.951049
6.56 0.960806 1.07875 0.948713
6.57 0.96237 1.07893 0.946517
6.58 0.963255 1.07886 0.944463
6.59 0.963457 1.07853 0.942552
6.6 0.962977 1.07794 0.940786
6.61 0.961815 1.07709 0.939166
6.62 0.959972 1.07597 0.937694
6.63 0.957451 1.0746 0.936371
6.64 0.954257 1.07295 0.935199
6.65 0.950393 1.07104 0.934178
6.66 0.945867 1.06884 0.933311
6.67 0.940685 1.06635 0.932598
6.68 0.934858 1.06356 0.93204
6.69 0.928393 1.06047 0.931638
6.7 0.921304 1.05706 0.931392
6.71 0.913603 1.05331 0.931301
6.72 0.905303 1.04922 0.931367
6.73 0.896419 1.04477 0.931585
6.74 0.886968 1.03995 0.931956
6.75 0.876968 1.03473 0.932476
6.76 0.866437 1.0291 0.93314
6.77 0.855396 1.02306 0.933945
6.78 0.843866 1.01656 0.934883
6.79 0.831869 1.00961 0.935947
6.8 0.819428 1.00218 0.937128
6.81 0.806568 0.994254 0.938415
6.82 0.793314 0.985813 0.939796
6.83 0.779691 0.976842 0.941257
6.84 0.765728 0.967325 0.94278
6.85 0.751449 0.957246 0.944348
6.86 0.736884 0.946592 0.94594
6.87 0.722059 0.93535 0.947533
6.88 0.707003 0.923511 0.949101
6.89 0.691742 0.911065 0.950618
6.9 0.676305 0.898007 0.952054
6.91 0.660718 0.884331 0.953374
6.92 0.645008 0.870038 0.954546
6.93 0.6292 0.855128 0.955532
6.94 0.613319 0.839605 0.956292
6.95 0.597388 0.823477 0.956784
6.96 0.58143 0.806753 0.956966
6.97 0.565466 0.789447 0.95679
6.98 0.549514 0.771575 0.956211
6.99 0.533594 0.753156 0.95518
7 0.517719 0.734212 0.953646
7.01 0.501904 0.714769 0.951559
7.02 0.486162 0.694854 0.948867
7.03 0.470502 0.674499 0.94552
7.04 0.454933 0.653735 0.941466
7.05 0.439461 0.632599 0.936653
7.06 0.42409 0.611128 0.931031
7.07 0.408822 0.589362 0.924551
7.08 0.39366 0.567343 0.917166
7.09 0.378601 0.545112 0.908828
7.1 0.363644 0.522715 0.899493
7.11 0.348785 0.500196 0.889119
7.12 0.334021 0.477603 0.877667
7.13 0.319345 0.454983 0.865099
7.14 0.304752 0.432384 0.85138
7.15 0.290234 0.409853 0.836479
7.16 0.275785 0.387439 0.820367
7.17 0.261397 0.365191 0.803018
7.18 0.247064 0.343155 0.78441
7.19 0.232778 0.32138 0.764523
7.2 0.218534 0.299912 0.743342
7.21 0.204324 0.278795 0.720853
7.22 0.190145 0.258073 0.697048
7.23 0.175992 0.237788 0.671919
7.24 0.161862 0.217977 0.645464
7.25 0.147753 0.198676 0.617685
7.26 0.133666 0.179918 0.588586
7.27 0.1196 0.161731 0.558177
7.28 0.105559 0.144137 0.526472
7.29 0.0915463 0.127153 0.49349
7.3 0.0775689 0.110789 0.459256
7.31 0.0636345 0.0950478 0.423802
7.32 0.0497528 0.0799232 0.387167
7.33 0.0359357 0.0653994 0.349398
7.34 0.0221968 0.0514497 0.310552
7.35 0.00855147 0.0380361 0.270698
7.36 -0.00498307 0.0251086 0.229914
7.37 -0.0183883 0.012605 0.188291
7.38 -0.0316448 0.000451116 0.145931
7.39 -0.0447322 -0.011438 0.102949
7.4 -0.0576306 -0.023157 0.0594692
7.41 -0.0703203 -0.0348074 0.0156256
7.42 -0.0827832 -0.0464955 -0.0284422
7.43 -0.0950032 -0.0583284 -0.0725905
7.44 -0.106967 -0.0704113 -0.116675
7.45 -0.118664 -0.0828438 -0.160555
7.46 -0.130087 -0.0957172 -0.204094
7.47 -0.141234 -0.109112 -0.247164
7.48 -0.152106 -0.123096 -0.289645
7.49 -0.162708 -0.137723 -0.33143
7.5 -0.173048 -0.153033 -0.372422
7.51 -0.183138 -0.169053 -0.412534
7.52 -0.192995 -0.185796 -0.451694
7.53 -0.202636 -0.20326 -0.489836
7.54 -0.212082 -0.221434 -0.526908
7.55 -0.221356 -0.240297 -0.562863
7.56 -0.230484 -0.259815 -0.597665
7.57 -0.239493 -0.27995 -0.631286
7.58 -0.248411 -0.300653 -0.663704
7.59 -0.257267 -0.321873 -0.694904
7.6 -0.266091 -0.343551 -0.724878
7.61 -0.274912 -0.365625 -0.753624
7.62 -0.283761 -0.388031 -0.781143
7.63 -0.292666 -0.410703 -0.807446
7.64 -0.301655 -0.433574 -0.832543
7.65 -0.310755 -0.456576 -0.856453
7.66 -0.31999 -0.479643 -0.879197
7.67 -0.329383 -0.502709 -0.9008
7.68 -0.338954 -0.525711 -0.921289
7.69 -0.348721 -0.548587 -0.940696
7.7 -0.358698 -0.57128 -0.959053
7.71 -0.368897 -0.593735 -0.976394
7.72 -0.379327 -0.615899 -0.992756
7.73 -0.389994 -0.637725 -1.00817
7.74 -0.400902 -0.659169 -1.02269
7.75 -0.41205 -0.680189 -1.03633
7.76 -0.423436 -0.700749 -1.04915
7.77 -0.435055 -0.720815 -1.06117
7.78 -0.446901 -0.740358 -1.07243
7.79 -0.458964 -0.759351 -1.08297
7.8 -0.471233 -0.777772 -1.09283
7.81 -0.483693 -0.795601 -1.10203
7.82 -0.496332 -0.812821 -1.1106
7.83 -0.509131 -0.829419 -1.11858
7.84 -0.522075 -0.845383 -1.126
7.85 -0.535143 -0.860705 -1.13289
7.86 -0.548317 -0.87538 -1.13926
7.87 -0.561575 -0.889405 -1.14515
7.88 -0.574897 -0.902777 -1.15058
7.89 -0.58826 -0.915499 -1.15558
7.9 -0.601643 -0.927573 -1.16015
7.91 -0.615021 -0.939004 -1.16433
7.92 -0.628373 -0.949799 -1.16813
7.93 -0.641674 -0.959965 -1.17157
7.94 -0.6549 -0.969513 -1.17467
7.95 -0.668029 -0.978454 -1.17744
7.96 -0.681035 -0.9868 -1.17989
7.97 -0.693896 -0.994565 -1.18204
7.98 -0.706586 -1.00176 -1.18391
7.99 -0.719082 -1.00841 -1.1855
8 -0.731361 -1.01452 -1.18682
8.01 -0.743399 -1.02012 -1.18789
8.02 -0.755172 -1.02522 -1.18872
8.03 -0.766657 -1.02983 -1.18931
8.04 -0.777833 -1.03398 -1.18968
8.05 -0.788675 -1.03769 -1.18983
8.06 -0.799164 -1.04097 -1.18976
8.07 -0.809277 -1.04385 -1.1895
8.08 -0.818993 -1.04634 -1.18904
8.09 -0.828293 -1.04846 -1.18839
8.1 -0.837157 -1.05022 -1.18756
8.11 -0.845566 -1.05165 -1.18655
8.12 -0.853504 -1.05277 -1.18537
8.13 -0.860953 -1.05358 -1.18402
8.14 -0.867896 -1.05411 -1.18251
8.15 -0.874319 -1.05436 -1.18085
8.16 -0.880209 -1.05436 -1.17902
8.17 -0.885551 -1.05411 -1.17705
8.18 -0.890335 -1.05363 -1.17493
8.19 -0.894549 -1.05293 -1.17267
8.2 -0.898183 -1.05201 -1.17027
8.21 -0.901229 -1.0509 -1.16773
8.22 -0.903679 -1.04958 -1.16506
8.23 -0.905527 -1.04808 -1.16225
8.24 -0.906768 -1.04639 -1.15931
8.25 -0.907398 -1.04453 -1.15624
8.26 -0.907413 -1.04249 -1.15304
8.27 -0.906812 -1.04028 -1.14972
8.28 -0.905593 -1.0379 -1.14627
8.29 -0.903759 -1.03535 -1.14268
8.3 -0.901309 -1.03263 -1.13898
8.31 -0.898247 -1.02973 -1.13514
8.32 -0.894577 -1.02667 -1.13118
8.33 -0.890305 -1.02342 -1.12709
8.34 -0.885435 -1.01999 -1.12287
8.35 -0.879977 -1.01637 -1.11852
8.36 -0.873938 -1.01255 -1.11404
8.37 -0.867328 -1.00853 -1.10943
8.38 -0.86016 -1.00429 -1.10468
8.39 -0.852445 -0.999826 -1.09979
8.4 -0.844196 -0.995128 -1.09477
8.41 -0.835429 -0.99018 -1.0896
8.42 -0.826159 -0.98497 -1.08429
8.43 -0.816403 -0.979483 -1.07883
8.44 -0.80618 -0.973704 -1.07322
8.45 -0.795509 -0.967616 -1.06745
8.46 -0.784409 -0.961203 -1.06153
8.47 -0.772903 -0.954446 -1.05544
8.48 -0.761011 -0.947328 -1.04919
8.49 -0.748757 -0.939832 -1.04277
8.5 -0.736165 -0.931937 -1.03616
8.51 -0.723258 -0.923626 -1.02937
8.52 -0.710061 -0.914879 -1.0224
8.53 -0.6966 -0.90568 -1.01522
8.54 -0.682899 -0.89601 -1.00784
8.55 -0.668985 -0.885851 -1.00025
8.56 -0.654883 -0.875189 -0.992428
8.57 -0.64062 -0.864007 -0.984377
8.58 -0.626221 -0.852291 -0.976081
8.59 -0.611713 -0.840029 -0.967529
8.6 -0.59712 -0.82721 -0.958708
8.61 -0.582467 -0.813823 -0.949605
8.62 -0.567779 -0.799861 -0.940203
8.63 -0.553081 -0.78532 -0.930487
8.64 -0.538394 -0.770194 -0.92044
8.65 -0.523742 -0.754484 -0.910043
8.66 -0.509144 -0.738192 -0.899276
8.67 -0.494622 -0.721321 -0.888118
8.68 -0.480192 -0.703878 -0.876548
8.69 -0.465873 -0.685875 -0.864541
8.7 -0.45168 -0.667324 -0.852073
8.71 -0.437624 -0.648243 -0.839118
8.72 -0.423719 -0.62865 -0.82565
8.73 -0.409972 -0.60857 -0.811642
8.74 -0.396391 -0.58803 -0.797064
8.75 -0.38298 -0.56706 -0.781889
8.76 -0.369739 -0.545694 -0.766088
8.77 -0.356668 -0.52397 -0.749631
8.78 -0.343764 -0.501928 -0.732491
8.79 -0.33102 -0.479611 -0.71464
8.8 -0.318425 -0.457068 -0.69605
8.81 -0.30597 -0.434346 -0.676697
8.82 -0.293639 -0.411497 -0.656557
8.83 -0.281415 -0.388575 -0.635608
8.84 -0.269282 -0.365633 -0.613833
8.85 -0.257217 -0.342726 -0.591214
8.86 -0.2452 -0.31991 -0.567741
8.87 -0.233207 -0.297239 -0.543403
8.88 -0.221216 -0.274766 -0.518198
8.89 -0.209203 -0.252542 -0.492123
8.9 -0.197145 -0.230616 -0.465184
8.91 -0.185017 -0.209032 -0.43739
8.92 -0.172799 -0.187832 -0.408754
8.93 -0.160468 -0.167053 -0.379295
8.94 -0.148006 -0.146725 -0.349038
8.95 -0.135395 -0.126874 -0.318013
8.96 -0.122618 -0.107518 -0.286254
8.97 -0.109663 -0.0886708 -0.253803
8.98 -0.0965184 -0.0703363 -0.220706
8.99 -0.0831757 -0.0525123 -0.187016
9 -0.0696292 -0.0351884 -0.15279
9.01 -0.0558761 -0.0183468 -0.118093
9.02 -0.0419164 -0.00196207 -0.082992
9.03 -0.0277531 0.0139987 -0.0475616
9.04 -0.0133918 0.0295752 -0.0118796
9.05 0.0011589 0.0448131 0.0239724
9.06 0.0158878 0.0597636 0.05991
9.07 0.0307814 0.0744818 0.095847
9.08 0.0458239 0.089026 0.131696
9.09 0.0609981 0.103456 0.167371
9.1 0.0762849 0.117832 0.202787
9.11 0.0916644 0.132214 0.237861
9.12 0.107116 0.146657 0.272514
9.13 0.122619 0.161217 0.306671
9.14 0.138152 0.175941 0.340265
9.15 0.153696 0.190875 0.37323
9.16 0.16923 0.206057 0.40551
9.17 0.184736 0.22152 0.437051
9.18 0.200197 0.237289 0.46781
9.19 0.215597 0.253387 0.497746
9.2 0.230921 0.269826 0.526825
9.21 0.246156 0.286615 0.555019
9.22 0.261291 0.303758 0.582305
9.23 0.276316 0.321252 0.608664
9.24 0.291223 0.339091 0.634082
9.25 0.306004 0.357263 0.65855
9.26 0.320656 0.375752 0.682063
9.27 0.335173 0.394541 0.704617
9.28 0.349554 0.413605 0.726217
9.29 0.363797 0.432921 0.746866
9.3 0.377902 0.45246 0.766572
9.31 0.391869 0.472192 0.785348
9.32 0.405701 0.492086 0.803208
9.33 0.4194 0.512108 0.820168
9.34 0.432968 0.532223 0.836248
9.35 0.446409 0.552394 0.85147
9.36 0.459725 0.572587 0.865858
9.37 0.472921 0.592762 0.879439
9.38 0.486001 0.612884 0.89224
9.39 0.498965 0.632915 0.904293
9.4 0.511819 0.652818 0.915627
9.41 0.524562 0.672558 0.926276
9.42 0.537198 0.692099 0.936274
9.43 0.549725 0.711408 0.945654
9.44 0.562144 0.730451 0.954453
9.45 0.574452 0.749198 0.962704
9.46 0.586648 0.767619 0.970443
9.47 0.598727 0.785687 0.977705
9.48 0.610684 0.803375 0.984525
9.49 0.622513 0.820662 0.990936
9.5 0.634208 0.837525 0.99697
9.51 0.645759 0.853945 1.00266
9.52 0.657158 0.869905 1.00804
9.53 0.668393 0.885391 1.01313
9.54 0.679455 0.90039 1.01796
9.55 0.690332 0.914891 1.02257
9.56 0.70101 0.928886 1.02697
9.57 0.711477 0.942368 1.03118
9.58 0.72172 0.955331 1.03523
9.59 0.731724 0.967773 1.03915
9.6 0.741476 0.979692 1.04294
9.61 0.750962 0.991087 1.04662
9.62 0.760167 1.00196 1.05021
9.63 0.769078 1.01231 1.05373
9.64 0.777679 1.02214 1.05718
9.65 0.785959 1.03146 1.06058
9.66 0.793902 1.04027 1.06394
9.67 0.801497 1.04857 1.06726
9.68 0.80873 1.05638 1.07055
9.69 0.815589 1.06369 1.07383
9.7 0.822063 1.07051 1.07709
9.71 0.828141 1.07685 1.08034
9.72 0.833811 1.08272 1.08359
9.73 0.839066 1.08811 1.08684
9.74 0.843895 1.09305 1.09009
9.75 0.84829 1.09752 1.09334
9.76 0.852243 1.10155 1.0966
9.77 0.855749 1.10513 1.09986
9.78 0.858799 1.10826 1.10313
9.79 0.861391 1.11096 1.10641
9.8 0.863518 1.11323 1.10969
9.81 0.865178 1.11506 1.11297
9.82 0.866367 1.11647 1.11626
9.83 0.867084 1.11746 1.11955
9.84 0.867327 1.11803 1.12283
9.85 0.867097 1.11817 1.12611
9.86 0.866393 1.1179 1.12938
9.87 0.865217 1.1172 1.13264
9.88 0.863572 1.11609 1.13588
9.89 0.86146 1.11456 1.1391
9.9 0.858884 1.11261 1.14229
9.91 0.855851 1.11024 1.14545
9.92 0.852364 1.10745 1.14856
9.93 0.84843 1.10424 1.15163
9.94 0.844057 1.10059 1.15465
9.95 0.839251 1.09652 1.1576
9.96 0.834021 1.09202 1.16048
9.97 0.828376 1.08708 1.16327
9.98 0.822325 1.0817 1.16597
9.99 0.815879 1.07588 1.16856
10 0.809049 1.06962 1.17103
